2330
1229
1305
1514
1529
1560
1595
1597
1711
1717
1773
1785
2013
2028
2049
2211
2308
2338
2360
2404
2423
2449
2464
2467
2493
2535
3010
3018
3055
3093
3131
3178
3264
3265
3289
3305
3374
3402
3413
3443
3529
3532
3551
3583
3587
3661
3680
3711
4306
4506
4537
4542
4549
4556
4565
4573
4580
4583
4739
4755
5013
5347
5434
5443
5483
5493
5536
6139
6182
6187
6192
6196
6208
6215
6217
6223
6423
6438
6488
6510
6531
6532
6613
6640
6643
6667
6683
6691
6723
6739
6754
6788
6791
6803
6823
6826
7556
8027
8028
8091
8383
8435
