2330
2317
2454
2382
2412
2308
2881
6505
2882
2303
2886
1303
1301
3711
2891
1216
2002
2884
5880
2892
2207
1326
3045
2885
2345
5871
2395
2880
3008
3231
6669
2301
2357
2912
3034
3037
4904
1101
2890
2327
2887
2603
2408
5876
2379
3443
4938
1590
2883
3661
2801
9910
2376
2356
8046
1402
2618
1605
2609
2105
2383
1102
6409
2377
2888
1476
2324
8454
3017
2615
2610
2474
2409
6415
2347
2353
2344
3481
2834
6770
3702
2360
2368
3036
1504
2371
3044
9945
9941
2449
1229
4958
2385
4763
3533
2027
8464
2352
5269
3653
