1101
1102
1215
1216
1217
1219
1227
1231
1304
1312
1437
1455
1519
1582
1712
1722
1773
1785
1802
1909
2009
2038
2103
2105
2313
2314
2317
2330
2340
2354
2356
2363
2369
2371
2379
2390
2408
2409
2412
2439
2454
2464
2474
2608
2610
2615
2618
2633
2731
2885
2912
3003
3004
3008
3016
3037
3105
3189
3260
3481
3714
4108
4168
4532
5425
5483
5706
6015
6176
6180
6239
6488
6547
8150
8299
8454
9904
9911
9940
6443
2481
1711
6282
6168
3042
3702
8112
1434
3380
2834
2303
3217
1104
2542
2536
2915
9945
2340
2385
4904
8083
4506
1477
4551
5904
3152
1723
4105
3023
2707
5347
1560
6202
1565
6803
2227
8255
1463
3563
3529
8464
2912
9941
2597
2404
3443
3034
8422
6505
2015
9943
1521
6146
1580
8114
4119
5269
3532
1264
4137
4401
6206
8942
3078
1527
4919
9927
3454
1558
5534
6213
2231
5007
8016
2360
6285
6121
6230
8044
6192
2548
2327
3081
3450
1476
5434
9921
1707
3665
2108
2492
2207
6024
9917
3669
3044
3324
3045
4735
2345
3540
5508
3006
2360
2351
2882
2014
6147
9924
2850
6278
9939
2809
8446
1434
4755
1717
2904
3030
8936
1303
1702
1535
1558
1504
2382
3293
9933
5227
2301
2027
8215
9926
5530
8406
6747
6491
4107
1452
1210
2617
5871
6183
1737
3587
9951
6670
2812
2347
8341
4706
6216
1597
6244
5903
2462
2905
2504
8021
6728
9955
8390
5011
6477
4945
5014
1256
2328
6754
2451
1710
3305
2883
4989
2007
4702
1313
3437
2023
2388
5353
4535
3388
2855
2889
3527
2458
2211
2845
5009
4580
3557
3709
9905
9907
1726
1440
2892
6290
2376
3379
8488
8411
6150
6504
6586
2753
6770
8359
6550
