1203
1210
1215
1216
1258
1301
1307
1315
1316
1319
1326
1336
1402
1409
1417
1434
1440
1441
1444
1451
1460
1463
1464
1467
1472
1473
1476
1477
1503
1504
1506
1522
1537
1558
1569
1586
1589
1591
1593
1605
1609
1616
1702
1709
1714
1717
1720
1723
1726
1730
1732
1737
1773
1776
1786
1809
1810
1817
1904
1907
2002
2006
2012
2013
2014
2020
2022
2064
2103
2105
2106
2109
2115
2201
2206
2233
2236
2301
2303
2308
2312
2317
2328
2330
2349
2353
2355
2357
2371
2402
2406
2409
2413
2415
2419
2439
2453
2454
2461
2476
2478
2489
2492
2497
2603
2610
2636
2643
2732
2801
2834
2838
2880
2881
2882
2883
2884
2885
2886
2887
2888
2890
2891
2892
2911
2912
3011
3019
3021
3024
3058
3060
3095
3176
3231
3263
3264
3305
3311
3322
3362
3376
3380
3484
3492
3515
3596
3665
3679
3702
3705
4105
4106
4107
4108
4120
4154
4161
4162
4164
4207
4306
4401
4414
4417
4432
4433
4438
4439
4526
4527
4535
4545
4558
4571
4714
4720
4721
4728
4736
4739
4755
4766
4906
4924
4927
4934
4974
5009
5014
5015
5016
5213
5243
5276
5284
5288
5306
5388
5452
5457
5483
5871
5876
5880
6108
6115
6125
6128
6139
6190
6196
6207
6271
6279
6282
6285
6404
6508
6509
6547
6561
6743
6768
8042
8044
8107
8121
8182
8240
8299
8400
8409
8421
8423
8426
8444
8464
8480
8916
8929
8938
9103
9105
9110
9802
9904
9905
9907
9910
9927
9935
9938
9939
9942
9944
9958
4169
4195
