1109
1101
1109
1203
1213
1215
1220
1229
1232
1235
1301
1307
1309
1313
1314
1321
1324
1326
1402
1410
1416
1423
1432
1435
1436
1438
1441
1446
1447
1451
1452
1453
1457
1459
1460
1466
1467
1471
1474
1475
1476
1504
1506
1522
1526
1527
1537
1558
1565
1570
1595
1603
1609
1611
1616
1702
1707
1708
1710
1711
1720
1722
1725
1727
1730
1733
1734
1735
1777
1789
1799
1802
1806
1808
1809
1810
1907
2007
2009
2014
2015
2024
2025
2032
2033
2034
2035
2059
2103
2104
2106
2114
2227
2303
2308
2321
2323
2324
2327
2330
2331
2338
2345
2347
2351
2358
2362
2367
2376
2377
2379
2380
2393
2399
2401
2404
2414
2415
2417
2421
2423
2424
2426
2430
2434
2451
2453
2454
2458
2460
2466
2468
2474
2477
2478
2489
2495
2496
2509
2545
2610
2614
2617
2701
2704
2705
2707
2820
2834
2838
2845
2850
2855
2886
2892
2903
2905
2910
2912
2915
3002
3003
3021
3023
3026
3027
3028
3033
3034
3035
3038
3044
3049
3050
3052
3055
3056
3062
3064
3078
3083
3085
3088
3090
3093
3095
3114
3115
3130
3176
3188
3189
3205
3206
3218
3219
3224
3231
3232
3252
3259
3265
3284
3287
3289
3290
3293
3294
3306
3311
3323
3324
3325
3380
3434
3483
3484
3490
3494
3498
3499
3504
3515
3518
3521
3522
3523
3526
3527
3529
3532
3540
3545
3548
3555
3556
3624
3631
3645
3680
3686
3703
4111
4128
4205
4303
4402
4503
4513
4527
4528
4736
4746
4904
4939
4956
4995
5007
5013
5015
5201
5202
5210
5211
5310
5312
5314
5321
5345
5347
5348
5351
5392
5410
5432
5439
5457
5460
5465
5468
5471
5475
5478
5483
5484
5487
5489
5498
5508
5512
5514
5515
5519
5520
5529
5530
5609
5701
5903
6016
6024
6104
6114
6115
6116
6117
6118
6124
6127
6130
6134
6136
6139
6143
6146
6147
6152
6155
6161
6167
6168
6175
6176
6177
6182
6194
6206
6208
6212
6213
6216
6223
6229
6230
6235
6240
6248
6261
6274
6275
6282
6290
6291
6505
6506
8021
8032
8034
8040
8044
8048
8054
8066
8068
8071
8072
8074
8084
8085
8087
8092
8093
8097
8099
8103
8111
8114
8163
8183
8234
8249
8261
8383
8411
8422
8923
8928
8930
8933
9910
9912
9914
9918
9921
9925
9926
9928
9934
9935
9937
9950
9951
9958
9960
9962
