2106
2308
2486
2402
1531
2105
2488
3311
2317
2474
9983
2354
2327
2459
9910
9921
9914
1101
1102
1103
1201
1210
1216
1218
1227
1233
1256
1301
1303
1307
1309
1313
1314
1319
1323
1337
1402
1409
1417
1423
1434
1457
1460
1464
1473
1503
1506
1512
1517
1521
1522
1525
1532
1558
1580
1589
1590
1605
1626
1701
1702
1714
1717
1718
1726
1736
1788
1789
1802
1809
1810
1904
1905
1907
1909
2002
2012
2022
2023
2029
2062
2101
2102
2103
2104
2105
2106
2108
2201
2204
2227
2308
2316
2317
2347
2356
2362
2373
2430
2450
2461
2504
2601
2608
2610
2616
2618
2636
2723
2724
2727
2903
2906
2908
2911
2912
2913
2915
2924
3379
4105
4137
4417
4430
4502
4506
4523
4527
4532
4533
4552
4763
4930
5312
5515
5609
5871
5903
5905
5906
5907
6220
6279
6508
8374
8401
8404
8411
8429
8433
8435
8488
8930
8933
8936
9904
9905
9907
9910
9911
9914
9919
9921
9934
9938
9939
9944
9945
